image_width: 1280
image_height: 720
camera_name: narrow_stereo
camera_matrix:
  rows: 3
  cols: 3
  data: [ 1014.84318,     0.     ,   638.16858,
             0.     ,  1013.42372,   367.01149,
             0.     ,     0.     ,     1.     ]
camera_model: plumb_bob
distortion_coefficients:
  rows: 1
  cols: 5
  data: [0.128205, -0.304632, 0.007701, 0.003974, 0.000000]
rectification_matrix:
  rows: 3
  cols: 3
  data: [ 1.,  0.,  0.,
          0.,  1.,  0.,
          0.,  0.,  1.]
projection_matrix:
  rows: 3
  cols: 4
  data: [ 1018.43634,     0.     ,   643.27149,     0.     ,
             0.     ,  1029.04785,   370.64208,     0.     ,
             0.     ,     0.     ,     1.     ,     0.     ]
